Banff	12	1	20000	100000	300000	900000	1600000	2500000	600000
Beauville	12	3	40000	200000	600000	1800000	3200000	4500000	600000
Vancouver	23	6	60000	300000	900000	2700000	4000000	5500000	1000000
Shawnigan	53	21	180000	900000	2500000	7000000	8750000	10500000	2200000
Toronto	23	8	60000	300000	900000	2700000	4000000	5500000	1000000
Ottawa	23	9	80000	400000	1000000	3000000	4500000	6000000	1200000
St. John's	33	11	100000	500000	1500000	4500000	6250000	7500000	1400000		
North Bay	33	13	100000	500000	1500000	4500000	6250000	7500000	1400000	
Kelowna	33	14	120000	600000	1800000	5000000	7000000	9000000	1600000
Montreal	43	16	140000	700000	2000000	5500000	7500000	9500000	1800000
Chilliwack	43	18	140000	700000	2000000	5500000	7500000	9500000	1800000
Kawartha Lakes	43	19	160000	800000	2200000	6000000	8000000	10000000	2000000
Gatineau	53	23	180000	900000	2500000	7000000	8750000	10500000	2200000	
Medicine Hat	53	24	200000	1000000	3000000	7500000	9250000	11000000	2400000
Trois-Riveres	63	26	220000	1100000	3300000	8000000	9750000	11500000	2600000
Quebec City	63	27	220000	1100000	3300000	8000000	9750000	11500000	2600000
Windsor	63	29	240000	1200000	3600000	8500000	10250000	12000000	2800000
Edmonton	73	31	260000	1300000	3900000	9000000	11000000	12750000	3000000
Sarnia	73	32	260000	1300000	3900000	9000000	11000000	12750000	3000000
Calgary	73	34	280000	1500000	4500000	10000000	12000000	14000000	3200000
Saint-Jean-sur-Richelieu	82	37	350000	1750000	5000000	11000000	13000000	15000000	3500000
Chatham-Kent	82	39	500000	2000000	6000000	14000000	17000000	20000000	4000000
